Run: 0	 Time: 1.8990505814552307e+02	Umax: 8.8874678727535183e-09
Run: 1	 Time: 6.9296994924545288e+01	Umax: 8.8874678727535183e-09
Run: 2	 Time: 1.8620706892013550e+02	Umax: 8.8874678727535183e-09
Run: 3	 Time: 3.0110561203956604e+02	Umax: 8.8874678727535183e-09
=>> PBS: job killed: node 2 (compute-1-0) requested job terminate, 'EOF' (code 1099) - received SISTER_EOF attempting to communicate with sister MOM's
mpirun: killing job...

